0.047781
-2.781804
-0.760777
-0.800598
-3.169589
-0.141912
-1.809512
-2.044729
-1.531133
0.379655
-2.316291
-0.538996
0.408871
-1.083419
-1.101737
-1.796750
-0.747721
-2.092509
-1.198106
-0.447915
-0.623212
-0.960535
-1.736980
-0.301650
-0.972418
-0.322901
0.358210
-0.425811
0.309968
-1.220784
0.183078
-0.315707
-0.493940
-1.040127
-1.221649
-1.171066
0.103699
-0.974644
-0.330170
-0.307311
0.311119
0.031937
0.356801
0.319103
-0.853204
-0.833472
-0.751947
-0.515025
-0.687366
-0.598459
0.291705
0.343739
