-4.696999
-2.128853
0.633620
0.380640
-3.174287
-0.123094
-1.528341
1.779558
-0.014752
0.612896
-1.141103
-0.622974
0.705153
-1.261448
-0.768320
-0.667538
-0.503469
1.658901
-0.202452
0.073439
-0.262089
-1.732900
-1.704943
0.128707
-1.478827
-2.501031
-0.321273
-0.035403
-0.192376
0.123830
-0.280948
0.414144
-0.815289
-0.558947
-0.479727
-0.094902
0.166976
0.229440
0.811599
0.071330
-0.550737
-0.339319
0.443487
0.452594
0.585308
-0.963785
-0.585876
-0.954890
-0.268626
-0.313954
-0.142841
-0.138900
-0.408961
-4.036199
0.320781
-0.898094
-3.852293
-0.921949
-1.631637
-0.813346
-0.941521
-0.131070
-1.613147
-1.516307
0.159065
-0.688815
-0.617648
-1.704569
-0.126307
-1.332419
-1.341572
0.438504
0.258790
-0.213334
-0.676274
0.368558
-0.481681
0.422301
0.226658
-0.727522
-0.998720
-0.711108
-0.204062
-0.128550
-0.886909
-0.346545
-1.096668
-0.304651
0.017123
-0.813490
-0.802290
-0.019264
-0.019689
0.261079
-0.331341
-0.284803
-0.221119
-1.054853
-1.316647
-1.239651
-0.156379
-1.341952
0.029590
-0.260676
0.529005
1.800369
-7.873768
0.674254
-1.793961
-0.749086
4.002399
-1.824091
-1.802777
0.476536
-2.393273
1.282860
-0.796200
-0.552077
-2.476353
0.226782
0.142244
-0.940398
0.038726
-0.625620
0.207898
-1.473255
0.620964
-0.792771
-1.742510
0.720844
-1.057237
0.335624
0.500597
0.598738
-1.000101
0.199554
-0.837518
-0.278343
-0.333948
-0.282173
-0.075250
-0.460132
0.565175
-0.950349
-1.080447
-1.288754
0.362980
-0.631774
-0.723405
-0.724716
-0.716855
0.219976
0.545945
0.300100
-1.352457
-0.404810
0.214356
-1.770838
-0.194698
-1.405575
0.542227
0.009150
1.311566
0.341571
1.838048
-0.851046
0.219609
-2.196648
-0.061269
-1.869832
-0.079092
-1.129181
-0.060719
-1.412992
0.000645
0.249254
-0.785242
-0.197282
0.619026
0.789165
0.052896
-1.399208
-0.131102
-0.035899
-0.962141
0.149173
0.423252
-1.159766
-0.077071
-0.311023
-0.964730
-0.097443
-0.971483
-1.015935
-0.373761
0.572378
-0.776696
-1.151412
0.375359
-1.126746
-1.038293
-0.252954
-0.226960
-0.018335
0.641865
-1.172449
-0.965352
-0.031149
-0.396143
-1.940226
-0.896593
-1.833828
-13.540291
0.911293
-0.302691
1.786780
1.132056
-0.048788
-1.405648
6.250240
-0.483357
-5.400902
-1.126777
-0.490342
1.443553
-1.709437
-2.439088
-0.359821
0.139713
2.618159
-0.526423
-0.296389
-1.516240
0.408464
-0.651194
-0.255842
0.565293
-0.153569
0.654277
-0.510688
0.202776
-0.521398
-0.460674
-0.979341
-0.651211
0.757565
0.212119
0.817707
0.033840
-0.423703
-0.414508
0.164171
-0.843334
-0.287052
0.840311
-0.859542
0.607880
-0.857167
-0.153477
-0.284840
-2.397387
0.844163
-0.489662
-1.782748
5.954390
-11.450296
-0.981771
0.305504
2.790020
-0.714677
-0.126946
2.597786
-1.643860
-0.114105
-0.659671
-0.632721
0.023892
-0.819690
-1.321938
0.595501
4.931738
-0.428574
1.046947
-0.423859
0.359891
-1.004988
0.137762
0.632314
-0.172048
-0.884878
-0.823270
-0.083228
-1.240331
-0.775695
-1.138122
0.084635
-0.230516
0.375697
-0.544826
-0.535622
-0.176035
-0.604207
-0.056106
-0.037025
-0.119289
-0.896669
-1.185809
0.347332
-0.752887
-0.581587
0.015020
0.272218
4.342369
-0.998500
-0.302485
-0.949257
0.125360
-0.910642
-2.207617
-4.833591
-3.935352
0.175727
-1.781425
-0.681696
-0.297285
-3.595922
0.830397
-1.048057
1.275552
1.322736
0.704864
-0.982001
-0.179996
-0.796814
-1.314109
-1.084120
-1.144786
-0.553856
-0.578009
0.020901
0.081325
0.875945
-0.617347
0.105576
-0.676592
0.075254
0.004056
-1.069545
0.211925
0.077811
-0.226774
-0.960685
0.436869
-0.176387
-0.365302
-0.322132
-0.164385
-0.027506
-0.025497
-0.129604
0.845982
0.924833
-0.944255
0.529267
-0.210107
-4.087264
0.484132
-1.954238
-4.673234
-1.181319
2.790818
-1.602018
-1.320159
-0.963651
-1.113883
3.015651
-0.486098
-2.017833
-2.098570
-2.798994
-0.957923
-1.430662
1.824615
-1.220597
1.663511
-0.305965
-1.109886
-1.011963
-1.726344
-0.432193
0.226058
-0.320604
0.775933
0.397065
-0.868508
-0.858940
-0.899196
-0.365007
-0.333426
0.634785
0.493869
-0.493908
-0.733213
-0.437150
-0.395232
-0.731128
-0.956023
-0.804158
0.395802
0.578226
0.046908
0.925830
-0.982215
-0.920527
-0.960964
0.247007
0.627135
-2.671418
0.339597
-1.345000
-3.089651
-0.333184
-0.501351
-1.746128
-2.241702
0.719113
-1.333360
-0.763360
-1.071428
-2.051878
-1.181533
-0.712778
-0.281812
-1.396583
-0.772256
-0.112821
-0.302462
-1.098818
-0.190094
-0.429526
-1.750704
-0.399125
-0.714614
-0.764143
-0.461428
-0.457881
0.111237
-0.390016
0.225904
0.074194
0.044422
-0.406443
-1.143438
-0.395809
-1.288254
-0.361032
-0.909245
0.008851
0.171173
-0.450844
0.007696
-1.212083
-0.406042
-1.197660
-0.378550
0.120232
-0.026366
-1.163865
-1.053582
-1.859424
-0.554238
-1.411029
-4.081556
0.094142
-0.949400
-1.637266
-2.577239
-0.359157
-2.509982
-1.465828
-1.269502
-0.655956
-0.597662
-2.124638
-0.507017
-1.183212
-0.120995
-0.418718
-0.992432
-1.014932
0.107304
0.813371
-1.464111
-1.459222
-1.403233
0.419719
-1.092473
0.303689
0.041265
-0.836956
-0.608006
-0.988694
-0.369695
-0.208741
0.370797
-1.266222
-0.960146
-1.087728
-0.735561
-0.780352
-1.310745
-0.433941
-1.280935
0.000324
0.074728
-0.718621
-0.996543
-0.716601
0.116219
-0.387162
-0.167843
-1.725601
3.084583
-2.126254
3.645943
-0.301650
-1.066980
-1.175525
4.765094
-0.667654
-7.353415
-0.309799
-1.739356
-3.098194
4.450110
-0.051486
0.836134
-1.172681
2.839756
0.525782
-1.316857
-1.428417
-0.803749
-1.288194
2.445873
-0.981947
-0.323670
0.743887
-0.336744
-0.596308
-0.401733
-0.810410
-0.843182
0.307476
-0.541825
-0.238173
-0.838837
-0.598815
0.644974
-0.282691
-0.978050
0.201772
-0.680137
-0.869573
0.730880
0.158730
-0.944188
-0.390541
-0.526374
-0.950718
-0.756339
-0.686619
-0.463549
-1.580184
-0.763429
0.784818
-3.086469
0.459586
-2.942606
-0.873630
-0.454631
1.509416
0.583076
0.182689
0.188010
-1.264729
-1.023811
-0.748882
-0.582134
-1.447634
-0.545293
-0.770442
2.448959
-1.016014
-4.711866
0.656288
-1.003545
0.355823
0.604830
-0.816604
-0.236357
-1.040499
-0.820505
0.156305
-0.520880
-0.186012
-0.476518
-1.209900
-1.236261
-0.893774
0.399149
0.420554
-1.212421
0.322356
-0.123791
0.322222
0.655127
0.427316
-0.133605
-0.541033
0.624090
0.103074
-0.004075
-0.063054
-0.881354
8.741675
-1.232620
-0.853289
-0.892111
-0.966184
0.974312
-4.209271
-0.693802
0.024808
-0.920126
-0.003424
-5.636231
0.991739
-0.672737
-0.687608
0.161922
0.449001
1.310538
-0.112304
-0.698751
-0.932559
-0.555726
-0.410853
0.114210
0.336704
0.021409
-1.005466
-0.000093
-0.296580
-0.265124
0.193359
0.024874
0.380163
0.108263
-0.157345
-1.369574
0.587809
-1.366555
-0.609614
-0.559779
-1.263782
-1.436183
-0.312442
-0.429978
0.284352
-0.139725
-1.246862
-0.652672
-0.535527
-0.147903
0.245655
0.436485
-3.314863
-1.018405
-1.679316
-3.760082
0.397694
-1.475418
-1.010194
-1.882784
0.828789
-1.163440
-1.021256
0.194316
-1.147435
0.388993
-0.870352
-0.365016
-0.410229
-1.152520
-1.558435
0.508718
-1.538424
-0.605428
-0.138948
-0.355917
-1.056971
-0.339588
-0.718877
-0.189305
-0.707689
0.301071
-0.325641
-0.707845
-1.055448
-0.396332
-0.074739
0.438130
0.181016
-0.238654
-0.416999
-0.242449
-0.790778
-0.214098
-0.488637
0.120449
-0.213833
-0.766560
-0.796468
-0.397740
-0.634789
-1.026366
-0.467863
1.809899
-7.684143
-0.759824
-1.412809
10.698803
-0.394114
-1.465235
-7.873045
3.987717
-0.676408
5.043282
-3.105766
-1.528649
-0.266975
-0.881313
-5.295026
-0.869165
-3.220136
-1.104473
1.232215
-4.439257
2.213400
0.975737
1.892426
7.270317
1.884413
-0.110814
-0.181082
-0.984575
0.582171
0.210561
-0.086178
0.074968
0.161918
-1.361199
0.374441
-1.122985
-0.080502
-0.127066
0.431979
-0.985730
0.217446
0.323786
0.400216
-0.323369
0.098697
-0.252682
0.467161
0.598740
-0.305080
0.386993
-0.044751
-1.034886
-2.791353
0.636134
-1.518155
-3.764215
-0.026602
-0.185260
-1.880944
-1.459251
0.283150
-2.574333
-0.662402
-0.415271
-2.151214
-0.883121
-1.351873
0.293649
-0.390825
-0.757170
0.449880
0.116253
-1.422971
-0.150529
-0.693299
-0.460684
-0.631384
-1.140353
0.404596
0.371851
-1.147619
-0.798846
0.676232
-0.478448
-0.605745
-0.894256
0.291240
0.640684
0.687054
-1.000472
0.000271
-0.143334
-0.852664
0.598351
-1.109734
-0.892077
-0.577810
-0.040859
0.384261
-0.784822
0.496023
-0.204917
0.665479
1.312261
-0.534736
-1.080906
-1.734249
6.425671
0.336518
1.838856
8.565821
-8.976260
1.534399
6.362011
-0.982679
0.822279
4.429058
1.416704
-0.884218
-1.555032
-1.172963
-0.107662
-2.700513
0.327888
-2.616220
0.850246
0.996087
-6.999819
-1.696192
-0.855201
0.213643
-0.709477
0.490854
0.137259
-0.448930
-0.434937
0.372006
-0.483328
-0.801306
0.778461
-0.878330
0.483714
-0.508995
-0.455884
-0.184095
-0.778150
0.707558
-0.480447
0.577133
-0.217221
-0.787484
0.267929
0.054924
0.189500
0.388175
-0.251717
-3.373129
0.612803
-1.975075
-3.477104
-1.252823
-0.515788
-1.667825
-0.979737
-0.675919
-0.833014
-1.312493
0.470268
-1.873916
-1.098705
-0.939795
-0.378441
-2.230662
-1.289691
-0.384859
-0.525673
-1.338289
-1.041731
0.308096
-2.154651
0.325388
0.241324
0.164216
-0.657527
-0.448392
-0.828815
-1.369470
-0.339350
-0.686700
-1.451918
-1.332216
-0.636553
-0.088182
-0.137015
-0.630545
0.139758
-0.301330
-0.631954
0.167972
-0.065240
0.154511
-0.049899
0.460289
0.124570
0.135271
-0.691976
-0.793394
-0.140049
-0.924764
0.961293
-2.426691
0.791454
0.830153
0.137829
-0.423952
-0.810226
0.867440
-0.152019
-1.414375
1.759205
2.797653
-0.833745
0.423228
1.314846
1.022242
-5.949073
-1.690511
1.327798
-2.579385
0.631053
-1.016340
-4.443024
0.669197
0.315435
-0.923044
0.474293
-0.588332
-0.684216
0.601100
-0.967526
-0.752674
0.533976
0.564605
-1.082279
0.170856
-1.010010
-0.368674
0.403368
-0.644302
-0.570440
-0.355830
-0.515026
-0.377385
-0.458445
-0.743029
-1.091889
-0.084464
0.711200
-0.655618
-0.987754
-4.711444
2.523783
-3.861395
-2.683296
-0.628360
3.096198
-6.038060
-14.495889
-0.829922
-1.331842
13.154048
-1.568541
-1.653679
-1.209538
3.125847
1.778814
-1.218438
-0.559912
-1.193489
-7.636534
0.395540
-1.222374
-0.035678
-1.811401
-1.357754
-0.745419
-0.441814
-0.439081
-0.717553
-0.193883
-0.131325
0.011002
-0.134097
-1.073734
-0.658384
-0.203803
0.101344
0.387299
0.166924
-0.325046
-0.524403
0.602183
0.165843
0.167350
-0.555434
0.691462
0.353025
-0.116432
-0.082378
0.256746
-0.813569
-0.144783
-2.796712
-0.844084
-0.405362
-3.877116
-0.463878
-1.377013
-1.730427
-0.632235
-1.092455
-2.453352
-0.898882
-0.831574
-1.760731
-0.475456
-0.797095
0.762882
-1.323242
-0.318866
-0.496609
-0.012731
-1.078669
-0.511033
-0.279368
-0.772305
-1.117739
-0.921926
-0.839435
-0.346150
-1.008733
-1.006160
-1.190380
-0.807694
-0.384869
0.138002
-0.431919
0.253911
0.583608
0.530973
-0.210271
-0.312588
0.811090
0.109586
0.375058
-1.142991
-0.429916
-0.009048
0.587406
0.304042
-1.277699
-0.773073
-0.314077
-1.773174
5.590470
-0.722673
4.015954
0.921823
0.140829
-5.733516
-5.181375
4.512627
-1.975222
-2.730802
-0.317032
2.387212
-0.661326
-2.940517
4.285925
0.581909
1.266395
0.179172
1.835951
2.166722
1.719527
2.681819
-1.840640
4.181987
-0.570645
-0.989580
-0.873157
0.630293
-0.230024
-0.170213
-0.508224
0.604724
-0.236280
-0.609365
-0.293522
-0.216229
-0.356043
-0.295297
0.163042
0.469816
-0.172810
-0.866558
0.112157
-0.219846
-1.036063
-0.342915
-0.570812
0.782242
0.009141
0.159649
0.532614
0.368614
3.620097
0.647798
2.923311
5.450105
-2.534398
1.015706
0.045485
-0.404061
0.658152
2.899620
-0.628632
0.731197
-1.351046
-0.052836
2.291568
0.138972
-1.179994
0.340297
-0.641218
-4.051363
-1.208045
-7.180501
0.941146
-2.222030
0.606240
-0.681328
-1.011160
0.529470
0.573991
0.608087
-0.232194
0.472239
0.258774
-0.518085
0.090279
-0.045687
-0.610607
-0.496280
0.572097
0.350270
-0.508862
0.921234
0.111258
-0.218374
0.045984
0.749429
0.848647
0.161931
0.635913
-0.554765
-0.779340
0.513523
-1.045058
-0.934109
0.339878
-1.397678
-0.234796
-0.640719
1.336114
-0.261894
0.527234
5.006198
0.505597
0.007860
-1.143670
-0.639595
-0.692648
-0.342429
2.069846
0.586025
0.940087
-0.982236
-0.086850
-0.797918
-10.084702
7.736874
-2.625045
-0.425348
-1.113047
-0.649774
0.109944
-1.272552
-0.763801
0.238762
-0.870669
-0.870331
-0.622108
-0.384740
-0.911652
-0.003099
0.105749
0.562895
-0.430699
-0.374048
-0.397045
-0.427247
0.757762
-0.286625
0.024641
0.255289
-0.532457
-0.262736
0.417943
0.856634
2.307767
-0.341273
2.465490
10.296988
0.189418
1.736367
6.668929
1.824581
0.030665
-4.535771
-5.287264
-0.753750
2.094147
1.599937
0.569537
0.772349
3.487151
-2.827344
-2.210888
-8.534157
-2.192072
1.825209
-1.497271
-12.181116
2.021095
0.547597
-0.358903
-1.122175
-0.024450
-0.906261
-0.794354
0.170707
-0.241929
0.355342
-0.239150
-0.580085
-0.243465
-0.104627
0.604600
-0.840870
0.681329
-0.869546
-0.503308
-0.425846
-1.040276
0.528033
-0.922757
-0.479552
-1.194909
0.228380
-0.582623
0.990124
-2.494758
0.118104
-1.769244
6.334715
0.564136
-0.668293
-0.706101
1.504658
0.007390
1.401359
-3.653950
-0.210775
-1.360660
0.070117
5.073262
0.361501
-1.565847
-0.482489
0.170794
-0.046503
-1.512511
-0.621557
-0.627234
-1.390821
-9.742447
0.645131
0.004338
-0.482070
0.411601
0.520342
-0.923949
0.694205
-0.355735
-0.253836
0.460809
0.724818
-0.696171
0.338344
-0.687974
-0.623913
0.734691
-0.527421
0.554252
-0.914822
0.632358
0.419904
0.481617
-0.670432
0.169040
0.539939
-0.270880
-0.799297
-0.877579
-0.197894
1.160630
-1.412670
0.865980
-7.157340
6.390843
-0.563371
0.119262
1.141009
0.453547
-6.363886
-0.137690
3.285072
-0.711957
0.798698
2.684397
-3.654424
1.110917
0.010286
0.399439
0.374760
-0.848683
2.865615
0.233297
-1.051282
-0.899917
-0.943345
-1.304355
-0.514739
0.529942
-1.028753
-0.201465
0.261843
0.258016
-0.255356
-0.991729
0.239914
-0.528143
-0.703013
0.363162
-1.389652
0.513635
-0.735348
-0.127730
-0.301004
0.529361
0.311124
-0.871351
0.141270
-1.048298
1.044921
-16.224533
-3.714160
-8.766812
4.858875
1.703358
-3.151617
5.742047
2.563319
-1.237709
2.494189
1.316986
1.840979
5.082393
-0.815615
6.744057
-2.346705
3.357323
1.053444
2.093393
-7.444554
0.454873
-2.368554
0.857386
0.001504
1.979351
0.009951
0.176339
-0.358012
-0.360867
0.220939
0.146936
-1.066475
-0.781848
0.627200
-0.772417
0.253603
-0.692093
-0.068559
-0.374309
-0.916742
0.581302
-0.799415
-0.060160
-0.952859
0.509794
-0.022277
-0.276048
-0.481362
0.593955
-1.064574
0.336857
-0.324018
0.520757
-0.076284
-1.047554
-5.944642
-1.368025
-0.048818
-1.597143
5.356560
0.580900
1.001333
1.123682
1.894198
1.291469
0.119589
-0.939167
0.182448
-0.478838
0.472414
-1.808924
0.607826
-5.274339
0.866515
0.189864
1.403670
0.090951
0.216030
-0.477680
-0.466000
0.573259
-1.202358
0.228097
-0.056433
-0.404464
0.479118
-0.053684
-0.421118
0.321189
-1.221525
0.787411
-0.464629
-1.066552
-0.301348
-0.626882
0.512195
-0.430632
0.539102
-1.079665
0.281242
0.374047
-0.535897
-0.975632
2.720468
1.658655
-2.517725
6.129750
-7.256542
-2.082380
4.837834
6.610294
-17.416044
-2.208020
-4.648527
-1.607254
1.832748
4.883420
2.202544
-4.741626
-1.844216
2.086095
1.904894
-3.133207
-7.444491
3.052835
-0.256576
3.009242
4.482767
-2.140778
0.228147
0.417867
-0.599834
-0.914281
0.413605
-0.814358
-0.311675
-0.376728
0.734169
-0.609972
0.025500
-0.844928
-0.104349
0.565872
-0.457390
-0.003534
0.299215
0.796392
-0.166172
-0.575388
-0.810510
-0.485288
0.433851
-0.552429
-0.076264
-0.356426
1.066477
-0.964701
-0.738365
4.898601
-18.343267
-1.347613
-5.193483
-2.406833
2.871391
0.471702
6.349348
1.925088
-2.157160
1.452613
3.145478
0.422775
1.478835
4.161939
0.304863
-4.190327
-1.204740
2.796632
-1.006117
-1.256289
11.188283
-0.122646
-0.778220
-1.000221
0.176509
0.349726
-0.502987
0.097861
0.438309
-0.579277
-0.085880
-0.511657
0.640930
-0.622368
-0.885903
0.325869
0.468016
-1.026537
0.630331
0.156742
0.520743
-0.441833
-0.588717
0.498034
-0.771391
0.047962
-0.832889
0.107677
0.130660
-2.262983
-0.298318
-0.213327
-1.738407
0.076176
-1.454551
-0.438267
-1.340839
-0.501729
-2.972750
-1.111687
-3.757585
1.813731
0.701888
-1.510413
0.471463
0.479228
-0.211942
0.211416
0.062137
-0.687780
-0.205603
0.206902
-1.098453
0.256017
-0.669294
-0.129261
-0.710948
-0.471416
-1.266965
0.421130
0.190282
-0.064355
-0.045909
0.108546
-0.710805
-0.388866
-0.838463
0.198925
-0.259096
-0.464741
0.258604
-1.009374
-1.003757
-0.683220
-0.065809
-1.066461
0.422482
0.271235
0.246345
-0.325845
0.582250
-2.894201
0.540782
-1.360786
-3.920300
-0.860177
-0.192570
-1.841403
-1.397568
-1.067053
-1.890754
-0.394896
-0.116100
-0.304852
-1.110597
-0.790530
-0.165380
-1.298394
-0.213372
-1.373609
0.393450
-1.029733
-1.528260
-1.014256
-0.894454
0.302498
-1.077783
-0.214080
-0.089564
-1.158315
0.273515
-0.169670
-0.544125
0.351871
0.364335
0.027360
-1.222262
0.225594
-0.937502
0.485266
0.063183
-0.155185
-0.709124
-0.454039
-0.266418
0.091723
-0.518890
-1.351103
-0.972472
-1.380782
-1.470142
-0.924933
-0.091449
-3.009396
-0.336045
-0.161647
-3.284530
-0.151729
-0.366204
-0.693511
3.297129
1.301556
0.247665
-1.209583
0.283801
0.085066
2.360912
-1.220545
-3.260347
-1.246889
-0.112770
-2.478366
0.876317
-1.076298
-0.122911
0.081838
-0.528377
0.929804
-0.625883
0.094924
0.591724
-0.368479
0.124552
-0.450996
-0.175556
-0.972892
-0.523594
0.510492
-0.269766
-1.134105
0.093203
-0.925908
-0.285703
-0.921918
-0.946887
-1.156885
-0.277250
-1.051805
-0.075727
0.176779
-0.843775
0.556115
-0.156473
0.507017
0.300259
0.274450
-0.358545
-0.037332
6.082398
0.809275
1.090982
1.339565
5.474348
-3.115397
1.853652
0.814239
1.757597
1.272908
0.049550
0.763002
1.106795
0.019533
-2.611146
-5.320315
-0.002810
0.174594
-2.209185
1.563966
-1.249138
0.294349
-0.289225
0.041269
-1.331297
-0.558299
-0.690175
0.265209
-0.477351
-0.035254
0.398364
0.055756
-1.074805
0.288527
0.233937
-1.090645
-0.679953
-0.702633
-0.048347
-1.187571
-1.189120
-0.741192
-0.654796
0.558665
-0.545284
-0.357331
-0.692186
0.104069
-1.958188
2.650134
0.741997
2.698698
13.557107
2.997446
2.683194
3.511022
-11.923023
-3.908585
-2.025903
0.746127
0.506171
3.661339
-1.421767
1.619194
-1.998964
-4.796673
0.651596
1.734028
3.107957
0.375222
-1.179515
-0.131600
2.959127
0.141480
-0.258113
-0.670467
-0.287065
0.635754
0.276213
-0.486169
0.186872
-0.409480
-0.080206
0.063881
-0.549650
-0.226194
-0.236052
0.082549
0.204068
-0.848269
-0.498910
0.176243
0.122975
0.328564
0.382210
-1.021717
0.609466
0.430723
0.234376
-0.647661
0.189906
-0.690923
-2.306754
0.833102
-2.374558
-0.176884
-2.061806
-2.225233
-2.678061
-1.129366
-0.329062
1.009438
-1.623501
0.297343
2.437934
-0.815880
-1.860139
-0.136669
0.086501
0.532200
1.324332
-0.520750
1.063571
0.356804
0.688398
0.347143
-0.112593
-0.288384
-0.669185
-0.648833
0.258221
0.348790
0.349419
-0.385462
-0.752423
-0.296212
-0.111349
0.406419
-0.208248
0.071784
-0.709545
0.513749
-0.606115
-1.132941
0.406749
-0.079240
-1.067307
-0.767380
-0.509808
0.156927
-1.037367
-0.633465
0.977244
6.426338
1.012541
-1.361014
1.407628
0.583016
0.852325
5.168127
1.950677
1.109588
-0.619816
0.835017
-3.297549
0.634650
3.008876
0.677735
-2.869384
-11.622137
2.166253
0.802611
2.094922
6.356486
0.761537
-2.588840
-10.637786
-1.539890
-0.092152
-0.705292
0.145688
0.304519
-0.519285
-0.373376
0.178566
-0.681056
0.034393
-0.812334
-0.128311
-0.341390
0.570811
-0.552918
0.425361
-0.370964
0.518719
0.268280
-0.831596
0.637839
-0.931835
0.410603
0.038471
-0.981519
-0.176363
-0.899557
-1.326414
0.841210
0.187820
-0.609874
0.453115
2.016352
-0.813399
-0.193239
5.061315
-1.804642
1.470919
-0.066095
1.428958
-1.955542
0.843645
0.188420
0.200973
1.112603
1.114470
-1.536178
3.150232
-0.274216
-3.313286
1.190785
-2.777332
1.086776
0.478161
0.818089
-0.956915
-0.120693
-1.242519
-0.137842
0.523260
-0.087359
-0.008423
-0.578384
-0.286311
-1.091744
-0.463365
-0.595762
0.116596
0.513929
0.039669
0.085563
0.361901
-0.342544
-0.896266
-0.659912
0.582486
0.182691
-0.199609
0.521625
-2.618644
-11.043633
-0.441243
3.560475
7.550957
-1.958010
2.561951
0.319693
-18.482135
-0.520847
6.570678
-10.079140
3.372054
-1.944441
1.397522
0.658889
0.743158
-3.432923
2.344746
-1.233920
3.396406
10.154324
4.264286
-1.410577
-9.392440
2.589595
-0.888865
-0.895161
-0.177632
0.457584
0.560407
0.451782
-0.448356
0.616800
-0.346114
-1.006262
0.429786
-0.901805
0.834780
-0.565549
0.437112
-0.165515
0.043343
-0.827580
-0.094839
-0.452945
-0.996259
0.580631
-0.398519
-0.795759
0.604828
-0.521391
0.488142
1.971950
0.289931
1.978107
1.298832
1.368154
5.168800
-7.339012
0.073130
-1.575482
-1.904700
-0.878339
-1.073190
-1.878302
-3.212546
-1.689006
-0.323386
-1.943251
-0.767937
-0.359783
1.627175
0.180059
3.406299
-0.018892
-0.894957
-0.670947
-0.209831
-0.104075
0.403260
-0.400396
0.476575
0.224878
0.961790
0.545071
0.556526
-0.196868
-0.915408
0.842005
-0.180380
-0.947252
-0.947239
-0.436976
-0.308273
-0.789317
0.221072
0.603759
-0.937960
-0.853428
-0.646359
-0.478933
-0.102384
-0.795172
-0.858469
0.796628
0.335675
-0.921888
1.992295
-0.079230
1.845943
-6.501214
2.555991
0.608677
-2.268826
-0.376090
-0.031712
0.163674
-3.218530
-1.711026
0.569216
-0.660651
-0.357067
0.497736
-5.141965
-0.717970
0.952963
-0.545575
-0.038457
0.520443
-0.610692
0.303049
-0.638434
0.252138
0.327122
-0.347287
0.208481
-0.200121
-0.019982
-0.424546
-0.131901
-0.582294
0.193977
-1.028194
0.248967
0.218742
-0.248670
-1.216698
-0.148667
-0.563817
-0.613214
-0.524797
0.097314
0.036507
-1.046775
-0.568767
0.411197
13.836094
-0.299948
-9.137381
2.726840
1.815488
-5.309887
-3.422021
2.499234
-0.127525
0.591506
-6.732555
0.097988
2.026718
2.267652
-2.998188
0.934838
-3.051093
1.690141
0.665690
-8.960283
-0.494485
2.627712
1.917237
1.022410
1.870681
-0.683192
-0.821968
0.132659
-0.419011
-0.346748
-0.917706
-0.201053
0.719410
0.837246
0.245169
0.308748
0.206616
-0.724503
-0.238792
-0.675502
-0.840628
0.615113
-0.659890
0.219855
0.326591
0.645676
-0.031986
-0.407124
0.010143
-0.813780
0.288188
-0.196730
9.565128
1.678169
0.829774
-1.331464
0.628250
-2.924845
1.519347
-0.965467
1.635678
0.502311
0.299297
1.280927
-4.013042
-1.391572
-0.367171
-3.164433
1.196526
0.447067
-0.889767
2.288169
0.259917
1.315309
0.535708
-0.728612
0.533538
0.730637
0.732731
-0.753017
-0.881253
-0.199990
-1.063663
0.476372
-0.503710
-0.607940
0.425820
-1.047430
0.248077
-0.588615
-0.466281
-0.138266
0.614174
0.690072
-0.564356
-0.105820
-0.407894
0.574644
0.299936
-1.096241
0.410044
-1.044031
0.293197
-0.854586
-1.187690
2.189983
-2.385827
0.378360
0.341840
0.582905
-2.168895
-10.712440
2.047417
-0.935215
-10.341088
-2.924525
6.349340
1.864806
6.168805
-0.522424
5.718807
0.685971
9.488039
-3.000422
-3.437939
-0.126623
-2.720599
1.778286
3.364745
0.041867
-1.088147
-0.374293
0.344086
0.462553
-0.876340
0.333449
0.680011
-0.052111
-0.636899
-0.957712
0.538626
-1.051025
-0.326697
0.463219
0.452243
0.100341
-0.914834
0.601585
0.158652
-0.373080
0.272958
-0.958605
-1.020436
0.762560
-0.136254
0.201682
-1.155034
-1.408447
1.809370
1.319518
0.917259
3.578129
-0.669501
5.019819
0.831850
-0.222005
-1.926915
0.747647
-1.281922
-2.992988
0.885618
-0.245280
-0.085867
0.487168
-0.661441
3.653846
2.714553
1.107361
1.052790
-8.132606
-1.537493
-0.753262
-0.880921
-0.592345
-0.882477
-0.241365
-1.279916
0.033989
0.535405
-0.131461
0.213791
0.435335
-0.782523
-0.834082
0.318913
-0.180172
0.254199
-0.837009
0.657533
0.421491
-1.023291
-0.527708
0.355210
0.692694
-0.885353
-0.015633
0.265541
0.290458
2.848319
0.834253
4.825436
2.385758
0.556095
1.214865
1.763784
0.000326
0.764088
-0.524535
0.467888
5.833750
-11.337481
2.903778
2.770035
-4.273773
4.048938
1.411935
0.411206
-7.869771
-4.712332
0.817540
0.780522
6.998308
-0.421455
-0.769787
-0.530956
-0.459430
0.418292
-1.304834
0.617074
-0.537868
-0.181195
-0.210302
-0.498223
-0.847516
-0.492334
0.043292
-0.697115
0.085645
-1.270415
0.481374
-0.883261
0.590334
-0.328001
-0.419280
-0.965640
-0.858275
-0.497908
0.300042
0.235987
1.332479
6.980049
1.229085
-8.184136
3.863571
0.555867
1.342453
3.547108
-1.359885
-2.923632
2.840927
2.859828
-2.416929
3.296974
-2.524370
-8.777507
-0.576116
2.481362
-0.782033
2.375594
1.776714
-0.161090
1.478707
1.502405
1.728603
-0.891930
0.615860
0.642763
-0.926911
0.448663
0.066274
0.423563
0.040957
0.383058
0.542210
0.013100
-0.902160
-0.678522
0.741911
-0.177945
0.321735
-0.566007
-0.704260
0.245901
-0.733268
-0.491209
0.610092
-0.274846
-0.777037
-0.592410
-0.258270
-0.980114
-2.694002
-0.781126
-1.024005
-1.388127
2.341062
0.503595
0.705810
-0.044089
-2.254387
0.521584
1.307000
-0.071828
-0.091435
0.765040
0.250657
-0.350606
0.123205
0.801673
0.245357
-4.733727
-0.716790
-0.804272
1.666261
-0.041192
0.878370
1.072068
0.025557
0.655464
0.421023
-0.833504
0.288289
-0.314567
0.032931
0.304068
-0.027094
-1.180989
-0.320774
0.517956
-0.458912
-0.825596
-0.053056
0.000886
-0.572132
-0.668955
-0.257103
-0.506020
-0.950464
0.297041
-0.976325
-0.758286
0.120960
-0.716389
-0.544987
-0.905262
0.205215
0.852736
-2.043745
-0.233896
-0.187814
-0.767324
3.412405
-5.535263
1.115134
-0.584930
-3.009219
-1.612147
-0.463886
0.299987
-1.146991
0.546380
0.721067
-0.596593
0.028142
-0.381813
1.376259
1.129695
-1.509966
0.662476
0.099674
0.042068
0.083975
-0.165929
0.348500
-0.422009
-1.319902
-0.403855
0.244660
-0.666705
0.108093
-0.924888
-0.429691
-1.007993
-0.488373
0.846165
-0.710317
-0.194761
-0.662439
-0.298783
-0.899064
-0.098256
-0.971454
0.606355
-0.567963
-0.552046
-1.663568
1.295421
-1.540396
3.277651
-7.451801
-0.672744
-6.883869
-2.042855
-10.541135
0.817335
-7.165010
-0.712131
4.562430
3.546185
2.105864
-4.736458
2.665603
-4.418720
-3.267792
2.798760
-1.773594
5.500817
-1.689446
-2.571886
2.595494
-0.238174
0.209350
0.284179
0.407463
-0.749623
0.602632
0.667314
0.609518
0.666714
-0.151446
0.659274
0.143892
0.102760
0.217316
0.665164
0.140808
0.450227
-0.861072
0.746387
0.053363
0.261934
0.859266
-0.050594
-0.060093
-0.968840
0.793311
-0.228915
-0.057845
-0.274260
1.753878
5.363986
-2.701882
-0.538992
0.203744
0.242036
-1.664361
0.173251
-1.218006
-0.693676
-0.427554
1.236484
-11.663610
-0.502722
0.107271
-0.347015
-0.821391
-0.895933
0.915057
-1.346541
-0.706000
-0.319611
-0.493474
-0.480393
0.385258
-0.543510
-0.999640
0.191873
-0.076547
-0.490744
-0.529112
-0.497517
-0.796859
-0.907800
-0.031412
0.245970
0.065458
-0.908918
-0.979189
-1.015826
-0.544705
-0.102745
-1.061807
0.013263
0.164220
-0.111865
-0.241442
0.112176
-0.147961
-0.817766
